{
  "camera_angle_x": 0.5399784455444343,
  "camera_angle_y": 0.3095143550353516,
  "fl_x": 3468.878142398853,
  "fl_y": 3461.436481526724,
  "k1": 0.2499778846914067,
  "k2": -0.012289004283988268,
  "k3": 0,
  "k4": 0,
  "p1": 0.00042370666364228065,
  "p2": 0.004107889115855303,
  "is_fisheye": false,
  "cx": 963.3125933397106,
  "cy": 537.4883374106798,
  "w": 1920.0,
  "h": 1080.0,
  "aabb_scale": 16,
  "frames": [
    {
      "file_path": "./images/0007.jpg",
      "sharpness": 14.598032407373914,
      "transform_matrix": [
        [
          -0.8430409016351752,
          -0.24142331684856733,
          0.4806212857405006,
          1.8228423648514633
        ],
        [
          0.5374016683416126,
          -0.3416425576774054,
          0.7710251679727009,
          2.8950540408226813
        ],
        [
          -0.02194276809110539,
          0.908292433588554,
          0.41775994311229314,
          1.567177591323296
        ],
        [
          0.0,
          0.0,
          0.0,
          1.0
        ]
      ]
    },
    {
      "file_path": "./images/0006.jpg",
      "sharpness": 22.251622226449385,
      "transform_matrix": [
        [
          -0.8777589509240523,
          -0.22474937244268509,
          0.423115756872976,
          1.7275715625783823
        ],
        [
          0.47750941830172083,
          -0.3384317897769144,
          0.8108320905721393,
          3.184473793848787
        ],
        [
          -0.03903818063114362,
          0.9137568841348642,
          0.40438147485271725,
          1.5211129264728243
        ],
        [
          0.0,
          0.0,
          0.0,
          1.0
        ]
      ]
    },
    {
      "file_path": "./images/0003.jpg",
      "sharpness": 20.65400035220081,
      "transform_matrix": [
        [
          -0.904030521820927,
          -0.16614440444874826,
          0.3938589246689961,
          1.6031368793793805
        ],
        [
          0.42330821961486875,
          -0.21972654764226637,
          0.8789370827697167,
          3.570288104674289
        ],
        [
          -0.05948921638908091,
          0.96130966976513,
          0.26896979756912126,
          1.0469745510314197
        ],
        [
          0.0,
          0.0,
          0.0,
          1.0
        ]
      ]
    },
    {
      "file_path": "./images/0001.jpg",
      "sharpness": 27.31641941818847,
      "transform_matrix": [
        [
          -0.9043101502783558,
          -0.1784614474609723,
          0.3877817220145081,
          1.6052027484430202
        ],
        [
          0.4175676504365461,
          -0.18114397110173652,
          0.8904067155196185,
          3.584669378616862
        ],
        [
          -0.08865895023422354,
          0.9671289332642398,
          0.2383300590388128,
          0.9119651153150491
        ],
        [
          0.0,
          0.0,
          0.0,
          1.0
        ]
      ]
    },
    {
      "file_path": "./images/0010.jpg",
      "sharpness": 21.750782678395463,
      "transform_matrix": [
        [
          -0.7816472190669619,
          -0.3024410072507413,
          0.5454879119768898,
          1.9575417116171974
        ],
        [
          0.6217508729286222,
          -0.30836841120962843,
          0.7199547034227815,
          2.5157754050483576
        ],
        [
          -0.04953258492772372,
          0.9019081772282392,
          0.4290782713376636,
          1.5326805487161002
        ],
        [
          0.0,
          0.0,
          0.0,
          1.0
        ]
      ]
    },
    {
      "file_path": "./images/0012.jpg",
      "sharpness": 16.884291043346185,
      "transform_matrix": [
        [
          -0.6251666344457307,
          -0.3545483524089271,
          0.6953144217077468,
          2.454994131638929
        ],
        [
          0.7785210251736596,
          -0.22001249051553398,
          0.5877920698510194,
          2.188120571148334
        ],
        [
          -0.0554228523134222,
          0.9087848864685969,
          0.4135678150226495,
          1.4498481698859962
        ],
        [
          0.0,
          0.0,
          0.0,
          1.0
        ]
      ]
    },
    {
      "file_path": "./images/0009.jpg",
      "sharpness": 23.615805247389872,
      "transform_matrix": [
        [
          -0.7567421094695107,
          -0.3234023564372129,
          0.5681129250961979,
          2.0128777809171314
        ],
        [
          0.6513614838849124,
          -0.2993705401751159,
          0.697212662669392,
          2.5782945501087435
        ],
        [
          -0.05540394477863117,
          0.8976570590021479,
          0.43719813286596443,
          1.5834644639212232
        ],
        [
          0.0,
          0.0,
          0.0,
          1.0
        ]
      ]
    },
    {
      "file_path": "./images/0005.jpg",
      "sharpness": 26.970157239414203,
      "transform_matrix": [
        [
          -0.8862573139991715,
          -0.21734658049658367,
          0.4090335406592973,
          1.640671041305273
        ],
        [
          0.4599829787949849,
          -0.3091930297007765,
          0.8323552904880143,
          3.402989712970319
        ],
        [
          -0.054439256460126643,
          0.9258294305004308,
          0.3740003115375988,
          1.438499404792484
        ],
        [
          0.0,
          0.0,
          0.0,
          1.0
        ]
      ]
    },
    {
      "file_path": "./images/0017.jpg",
      "sharpness": 35.082084173903986,
      "transform_matrix": [
        [
          -0.5926976859764782,
          -0.1333690651685732,
          0.7943060780008259,
          2.799863428819201
        ],
        [
          0.8030402409926073,
          -0.022018754239569484,
          0.5955178803430777,
          2.1921203322978755
        ],
        [
          -0.06193403267003001,
          0.9908218139366352,
          0.1201511909198074,
          0.3812186343664291
        ],
        [
          0.0,
          0.0,
          0.0,
          1.0
        ]
      ]
    },
    {
      "file_path": "./images/0004.jpg",
      "sharpness": 19.903098934219745,
      "transform_matrix": [
        [
          -0.8997412013904483,
          -0.1896308725015461,
          0.3930723887143944,
          1.5707302445207103
        ],
        [
          0.43288487879811194,
          -0.2733099710781214,
          0.8590182427732601,
          3.546166597613667
        ],
        [
          -0.05546577568069907,
          0.9430491991166399,
          0.32799657898902973,
          1.2526046573186136
        ],
        [
          0.0,
          0.0,
          0.0,
          1.0
        ]
      ]
    },
    {
      "file_path": "./images/0002.jpg",
      "sharpness": 25.834484884371445,
      "transform_matrix": [
        [
          -0.9035897107347308,
          -0.181340154250109,
          0.3881254734821423,
          1.6076115409739167
        ],
        [
          0.41945968354316765,
          -0.19039174819876833,
          0.8875835487996172,
          3.5718640535338015
        ],
        [
          -0.0870586502324418,
          0.9648143503946134,
          0.24810090839662471,
          0.9174660856794088
        ],
        [
          0.0,
          0.0,
          0.0,
          1.0
        ]
      ]
    },
    {
      "file_path": "./images/0016.jpg",
      "sharpness": 22.821530578099534,
      "transform_matrix": [
        [
          -0.5714653290309635,
          -0.17250370412362395,
          0.8022903775030754,
          2.802279368042864
        ],
        [
          0.8181108740357801,
          -0.04327138911273611,
          0.5734301916264135,
          2.1530756499412296
        ],
        [
          -0.06420261300553627,
          0.984057955103614,
          0.16585525477192423,
          0.5883700295446719
        ],
        [
          0.0,
          0.0,
          0.0,
          1.0
        ]
      ]
    },
    {
      "file_path": "./images/0019.jpg",
      "sharpness": 24.85247970741155,
      "transform_matrix": [
        [
          -0.5777093396232827,
          -0.1554680250701677,
          0.8012999514212374,
          2.96630822640955
        ],
        [
          0.8158893129333907,
          -0.08110899509619329,
          0.5724910129911251,
          2.117471897282542
        ],
        [
          -0.024011413329744886,
          0.984505471874,
          0.1737021241521402,
          0.6221267917271537
        ],
        [
          0.0,
          0.0,
          0.0,
          1.0
        ]
      ]
    },
    {
      "file_path": "./images/0024.jpg",
      "sharpness": 14.772669031235921,
      "transform_matrix": [
        [
          -0.3632030513359081,
          -0.3243610320241183,
          0.8734262787776653,
          3.285020411070771
        ],
        [
          0.9311723856543173,
          -0.1582125589533756,
          0.3284612220404594,
          1.4353084668640972
        ],
        [
          0.031646985661592325,
          0.9326085497931874,
          0.3594993201747228,
          1.3573943340519588
        ],
        [
          0.0,
          0.0,
          0.0,
          1.0
        ]
      ]
    },
    {
      "file_path": "./images/0026.jpg",
      "sharpness": 25.13449266957075,
      "transform_matrix": [
        [
          -0.26972599299923833,
          -0.37013309297707536,
          0.8889597191316734,
          3.318562946559729
        ],
        [
          0.9628900212812178,
          -0.11280219845122615,
          0.24519068281985273,
          1.1297961313365767
        ],
        [
          0.009523424851364147,
          0.9221047432705886,
          0.3868231467633331,
          1.3918100443454013
        ],
        [
          0.0,
          0.0,
          0.0,
          1.0
        ]
      ]
    },
    {
      "file_path": "./images/0027.jpg",
      "sharpness": 24.310941432740414,
      "transform_matrix": [
        [
          -0.3307796230958568,
          -0.35246456802656473,
          0.8754162263091055,
          3.2795123664213217
        ],
        [
          0.9436463738356412,
          -0.1341378776557671,
          0.30255338524778014,
          1.2747636386064178
        ],
        [
          0.010787126426190475,
          0.9261618422921045,
          0.3769719881376662,
          1.3552466281951594
        ],
        [
          0.0,
          0.0,
          0.0,
          1.0
        ]
      ]
    },
    {
      "file_path": "./images/0033.jpg",
      "sharpness": 26.084769423007245,
      "transform_matrix": [
        [
          0.05500941434991979,
          -0.34830986018471954,
          0.9357639690038535,
          3.61891396905217
        ],
        [
          0.9975653558119828,
          -0.02106067396315812,
          -0.06648164330076099,
          -0.0916181193630498
        ],
        [
          0.04286403174059943,
          0.9371428329583572,
          0.3463033142674638,
          1.432527312316995
        ],
        [
          0.0,
          0.0,
          0.0,
          1.0
        ]
      ]
    },
    {
      "file_path": "./images/0032.jpg",
      "sharpness": 20.481987033066403,
      "transform_matrix": [
        [
          0.04997151550759005,
          -0.3733741666417876,
          0.9263339459273261,
          3.61974301313126
        ],
        [
          0.9987411301617342,
          0.01463305762194775,
          -0.04797945964612684,
          -0.08056589837826736
        ],
        [
          0.004359192753375092,
          0.9275654183743884,
          0.37363537323089324,
          1.4309080609033678
        ],
        [
          0.0,
          0.0,
          0.0,
          1.0
        ]
      ]
    },
    {
      "file_path": "./images/0034.jpg",
      "sharpness": 33.817411750182046,
      "transform_matrix": [
        [
          0.16410616307588705,
          -0.3465957206331393,
          0.923547818867096,
          3.6900074222052592
        ],
        [
          0.9860711596716348,
          0.031945255421845356,
          -0.16322735285456857,
          -0.5135795214426356
        ],
        [
          0.027070931021671348,
          0.9374704833484835,
          0.34701045747770387,
          1.4244155358949144
        ],
        [
          0.0,
          0.0,
          0.0,
          1.0
        ]
      ]
    },
    {
      "file_path": "./images/0035.jpg",
      "sharpness": 30.48088915940063,
      "transform_matrix": [
        [
          0.279810214780081,
          -0.3327681291441538,
          0.9005396248835972,
          3.693674699297008
        ],
        [
          0.9598823619838427,
          0.07916354575176225,
          -0.26899625308982866,
          -0.9361458765391838
        ],
        [
          0.018223470091742126,
          0.939680001545413,
          0.3415690265353882,
          1.4119560917742917
        ],
        [
          0.0,
          0.0,
          0.0,
          1.0
        ]
      ]
    },
    {
      "file_path": "./images/0038.jpg",
      "sharpness": 44.51079282407315,
      "transform_matrix": [
        [
          0.3842870072358919,
          -0.23604183460809616,
          0.8925288502000318,
          3.6037211988743887
        ],
        [
          0.9224267526922078,
          0.1380763310114048,
          -0.36064360902721787,
          -1.4796478591838609
        ],
        [
          -0.03811012984297869,
          0.9618831421659462,
          0.2707922430115424,
          1.156795104354984
        ],
        [
          0.0,
          0.0,
          0.0,
          1.0
        ]
      ]
    },
    {
      "file_path": "./images/0029.jpg",
      "sharpness": 34.93062633247509,
      "transform_matrix": [
        [
          -0.18135350129492037,
          -0.36620339933500246,
          0.912691611629266,
          3.481192074942489
        ],
        [
          0.9832815875212823,
          -0.08297879621285638,
          0.16208590012931998,
          0.6694671328841445
        ],
        [
          0.016377643634937634,
          0.9268277022991731,
          0.3751295550802505,
          1.370811678921471
        ],
        [
          0.0,
          0.0,
          0.0,
          1.0
        ]
      ]
    },
    {
      "file_path": "./images/0030.jpg",
      "sharpness": 33.93774787681287,
      "transform_matrix": [
        [
          -0.0795965638179148,
          -0.3680627743964495,
          0.9263877056539739,
          3.5234435701658966
        ],
        [
          0.996563660048609,
          -0.050748818084457845,
          0.06546318762167497,
          0.30354893522502174
        ],
        [
          0.022918518693042827,
          0.9284149673618106,
          0.37083741711751433,
          1.4346261635907782
        ],
        [
          0.0,
          0.0,
          0.0,
          1.0
        ]
      ]
    },
    {
      "file_path": "./images/0042.jpg",
      "sharpness": 45.57312048328656,
      "transform_matrix": [
        [
          0.4748682841588755,
          -0.10684303138347608,
          0.873547182125648,
          3.682055110189836
        ],
        [
          0.8774756474997758,
          0.13345005049348074,
          -0.46068163851859356,
          -1.9013621864365409
        ],
        [
          -0.0673542928010723,
          0.9852794784841314,
          0.157123354642809,
          0.6366658321980474
        ],
        [
          0.0,
          0.0,
          0.0,
          1.0
        ]
      ]
    },
    {
      "file_path": "./images/0043.jpg",
      "sharpness": 33.910428819143036,
      "transform_matrix": [
        [
          0.4986712661960105,
          -0.17123980708778458,
          0.8497081244720865,
          3.580417480584806
        ],
        [
          0.8645691205244245,
          0.16841064959934068,
          -0.47345336511338776,
          -1.953231629730428
        ],
        [
          -0.06202583430510257,
          0.9707289949431451,
          0.2320302012892539,
          0.9632950269594515
        ],
        [
          0.0,
          0.0,
          0.0,
          1.0
        ]
      ]
    },
    {
      "file_path": "./images/0044.jpg",
      "sharpness": 36.78658195143243,
      "transform_matrix": [
        [
          0.5462895592008881,
          -0.20785227369573206,
          0.8113970359093502,
          3.283240650640147
        ],
        [
          0.8347086008826639,
          0.21546810325953628,
          -0.5067889581376878,
          -2.1264548069066054
        ],
        [
          -0.06949294308498792,
          0.9541336011531488,
          0.2912040557183486,
          1.2551056489727146
        ],
        [
          0.0,
          0.0,
          0.0,
          1.0
        ]
      ]
    },
    {
      "file_path": "./images/0046.jpg",
      "sharpness": 46.983378310979106,
      "transform_matrix": [
        [
          0.5713473094724558,
          -0.2626733070812537,
          0.7775377712757421,
          3.0669110257602674
        ],
        [
          0.820172954386662,
          0.21696064360781764,
          -0.5293811519292839,
          -2.145718921312322
        ],
        [
          -0.029640797401624553,
          0.9401759478546718,
          0.33939742229408565,
          1.4980466645411943
        ],
        [
          0.0,
          0.0,
          0.0,
          1.0
        ]
      ]
    },
    {
      "file_path": "./images/0048.jpg",
      "sharpness": 31.05758101802641,
      "transform_matrix": [
        [
          0.7232796863050333,
          -0.28270254912536136,
          0.6300363197081422,
          2.6253525603586803
        ],
        [
          0.6905322521349635,
          0.3035288103699894,
          -0.6565329161868684,
          -2.56196594651222
        ],
        [
          -0.0056306456201638475,
          0.9099173204434541,
          0.41475145068077696,
          1.6680618044843099
        ],
        [
          0.0,
          0.0,
          0.0,
          1.0
        ]
      ]
    },
    {
      "file_path": "./images/0049.jpg",
      "sharpness": 26.391575678149533,
      "transform_matrix": [
        [
          0.7215053888084964,
          -0.28318064657227043,
          0.6318533812381449,
          2.6028306816820663
        ],
        [
          0.6922860032057159,
          0.3122150678936114,
          -0.6505857677091335,
          -2.5530899010077572
        ],
        [
          -0.01304084797148599,
          0.9068243891936252,
          0.42130685195317874,
          1.64394327630981
        ],
        [
          0.0,
          0.0,
          0.0,
          1.0
        ]
      ]
    },
    {
      "file_path": "./images/0053.jpg",
      "sharpness": 22.657556323223332,
      "transform_matrix": [
        [
          0.8719805607180796,
          -0.19033242563731456,
          0.45102491010548906,
          1.7845384571197442
        ],
        [
          0.48789970877730265,
          0.4132575050727142,
          -0.7688771739856364,
          -3.037063064742253
        ],
        [
          -0.04004717153398993,
          0.8905008715871049,
          0.4532156460335834,
          1.7853486991739111
        ],
        [
          0.0,
          0.0,
          0.0,
          1.0
        ]
      ]
    },
    {
      "file_path": "./images/0052.jpg",
      "sharpness": 25.071321617055762,
      "transform_matrix": [
        [
          0.8682529189290717,
          -0.17928620521931632,
          0.4625941260371438,
          1.847936456243212
        ],
        [
          0.49420172433027776,
          0.39450567139882886,
          -0.7746805347387907,
          -2.962195077685774
        ],
        [
          -0.04360647294684943,
          0.9012334502771038,
          0.4311342524941247,
          1.7095487057971683
        ],
        [
          0.0,
          0.0,
          0.0,
          1.0
        ]
      ]
    },
    {
      "file_path": "./images/0055.jpg",
      "sharpness": 15.298334263187801,
      "transform_matrix": [
        [
          0.89981225884653,
          -0.20485863534713517,
          0.38518935396513687,
          1.5684734448401545
        ],
        [
          0.4362749539515972,
          0.4254210771802399,
          -0.7928941112439766,
          -3.1357963761944023
        ],
        [
          -0.0014364642779885889,
          0.8815043089283401,
          0.47217379212113425,
          1.9135027185076017
        ],
        [
          0.0,
          0.0,
          0.0,
          1.0
        ]
      ]
    },
    {
      "file_path": "./images/0058.jpg",
      "sharpness": 23.112861581641855,
      "transform_matrix": [
        [
          0.9607742919479805,
          -0.1323544724229849,
          0.24371100429885084,
          1.0115747890749116
        ],
        [
          0.27707306585943803,
          0.496023706090676,
          -0.8229161556145083,
          -3.3693116946685637
        ],
        [
          -0.011969801942687527,
          0.8581624418878488,
          0.5132386844631275,
          2.0547025804541095
        ],
        [
          0.0,
          0.0,
          0.0,
          1.0
        ]
      ]
    },
    {
      "file_path": "./images/0054.jpg",
      "sharpness": 22.400084280005952,
      "transform_matrix": [
        [
          0.8506050884726011,
          -0.2216648251625155,
          0.4767973246622244,
          1.8030647618630518
        ],
        [
          0.5250343800277021,
          0.40714485783376936,
          -0.747376721960542,
          -3.04680998601488
        ],
        [
          -0.0284584485612054,
          0.8860574304585078,
          0.4627011418720085,
          1.8119491573757773
        ],
        [
          0.0,
          0.0,
          0.0,
          1.0
        ]
      ]
    },
    {
      "file_path": "./images/0060.jpg",
      "sharpness": 17.07380479180585,
      "transform_matrix": [
        [
          0.9870041492474426,
          -0.09459724652547603,
          0.12990061729258745,
          0.5618385387004212
        ],
        [
          0.15969885698653227,
          0.4875664846628704,
          -0.8583561021573304,
          -3.596903992748154
        ],
        [
          0.017862936473540054,
          0.867946014464618,
          0.4963372155404344,
          2.1643318132824017
        ],
        [
          0.0,
          0.0,
          0.0,
          1.0
        ]
      ]
    },
    {
      "file_path": "./images/0059.jpg",
      "sharpness": 15.279006067363149,
      "transform_matrix": [
        [
          0.9756302069253875,
          -0.12892644322214922,
          0.17754906822531108,
          0.9075249944379596
        ],
        [
          0.21799504042118728,
          0.47742003152868645,
          -0.8512040154081465,
          -3.450876091759208
        ],
        [
          0.024977224412966823,
          0.869165165992892,
          0.49389072935222983,
          2.079622084681349
        ],
        [
          0.0,
          0.0,
          0.0,
          1.0
        ]
      ]
    },
    {
      "file_path": "./images/0061.jpg",
      "sharpness": 24.29611255676311,
      "transform_matrix": [
        [
          0.9978582360481596,
          -0.03137803834607326,
          0.05739651135105826,
          0.24095589399294148
        ],
        [
          0.06537287149703881,
          0.509324723228618,
          -0.8580878241650807,
          -3.6302630159492306
        ],
        [
          -0.002308349607215475,
          0.8600021773567024,
          0.5102851423652531,
          2.1340646154868774
        ],
        [
          0.0,
          0.0,
          0.0,
          1.0
        ]
      ]
    },
    {
      "file_path": "./images/0057.jpg",
      "sharpness": 24.526173227982003,
      "transform_matrix": [
        [
          0.9520586662176179,
          -0.15952844446756353,
          0.2610267640311142,
          1.1113245584715725
        ],
        [
          0.30579677655988846,
          0.4725155049582621,
          -0.8265696758408572,
          -3.3422673372227356
        ],
        [
          0.008522181417167051,
          0.8667639661535484,
          0.4986457655055014,
          2.060268140829061
        ],
        [
          0.0,
          0.0,
          0.0,
          1.0
        ]
      ]
    },
    {
      "file_path": "./images/0062.jpg",
      "sharpness": 28.76273629775722,
      "transform_matrix": [
        [
          0.9991685470249317,
          0.039696420028664636,
          0.009295640260852507,
          0.050979242019114454
        ],
        [
          -0.012697492747743927,
          0.5196459341548706,
          -0.854287350248306,
          -3.5744864126470537
        ],
        [
          -0.03874259114755007,
          0.8534590191645816,
          0.519717918002361,
          2.1163238604131416
        ],
        [
          0.0,
          0.0,
          0.0,
          1.0
        ]
      ]
    },
    {
      "file_path": "./images/0063.jpg",
      "sharpness": 15.099427017015158,
      "transform_matrix": [
        [
          0.9992345596539136,
          0.03907115322087122,
          -0.0019338650689923096,
          0.05397699957358508
        ],
        [
          -0.02142340605978458,
          0.5051959259860659,
          -0.8627387287237765,
          -3.5828956927970292
        ],
        [
          -0.03273121630528464,
          0.8621197836693185,
          0.5056462658223128,
          2.0663625369105882
        ],
        [
          0.0,
          0.0,
          0.0,
          1.0
        ]
      ]
    },
    {
      "file_path": "./images/0064.jpg",
      "sharpness": 21.577209201035153,
      "transform_matrix": [
        [
          0.9932291703646281,
          0.09454539725462707,
          -0.06750542977881024,
          -0.27935421481905726
        ],
        [
          -0.10580086866730426,
          0.496184088021039,
          -0.8617467882063807,
          -3.51711544325291
        ],
        [
          -0.047979072312604044,
          0.8630541806249646,
          0.5028274952513013,
          2.0933233711751664
        ],
        [
          0.0,
          0.0,
          0.0,
          1.0
        ]
      ]
    },
    {
      "file_path": "./images/0068.jpg",
      "sharpness": 20.76119453833101,
      "transform_matrix": [
        [
          0.9073415600431932,
          0.26472958009568653,
          -0.32657241600540965,
          -1.363063668591655
        ],
        [
          -0.40190884622197653,
          0.3184226970994291,
          -0.8585314585386395,
          -3.637850762253598
        ],
        [
          -0.12329060301515202,
          0.9102336158612654,
          0.39531530683644306,
          1.8071379001199634
        ],
        [
          0.0,
          0.0,
          0.0,
          1.0
        ]
      ]
    },
    {
      "file_path": "./images/0066.jpg",
      "sharpness": 26.454344089954954,
      "transform_matrix": [
        [
          0.9300732643978967,
          0.25949772082702616,
          -0.26004741066329307,
          -1.1217689175179608
        ],
        [
          -0.34948925744677334,
          0.40681142148611543,
          -0.84401524054829,
          -3.5033827476260044
        ],
        [
          -0.1132297744798377,
          0.875879786431995,
          0.46905609253690783,
          2.059973147207873
        ],
        [
          0.0,
          0.0,
          0.0,
          1.0
        ]
      ]
    },
    {
      "file_path": "./images/0078.jpg",
      "sharpness": 21.86047287280596,
      "transform_matrix": [
        [
          0.662070787652374,
          0.38489966501008666,
          -0.6430509467121192,
          -2.5476384086154797
        ],
        [
          -0.7409047407476914,
          0.20701625018398226,
          -0.6389087863673483,
          -2.7042891443316917
        ],
        [
          -0.1127937821791906,
          0.8994423383895533,
          0.42223339833432183,
          1.7323593090192972
        ],
        [
          0.0,
          0.0,
          0.0,
          1.0
        ]
      ]
    },
    {
      "file_path": "./images/0069.jpg",
      "sharpness": 34.13428185957921,
      "transform_matrix": [
        [
          0.8876161087960351,
          0.26468373154704805,
          -0.37693522747944297,
          -1.6007774709917924
        ],
        [
          -0.4447671191858425,
          0.27994238868088944,
          -0.8507728655233447,
          -3.7365059997985313
        ],
        [
          -0.11966558878712412,
          0.9228080956107766,
          0.3662039945035381,
          1.6178822153724601
        ],
        [
          0.0,
          0.0,
          0.0,
          1.0
        ]
      ]
    },
    {
      "file_path": "./images/0076.jpg",
      "sharpness": 20.789883028485928,
      "transform_matrix": [
        [
          0.8095497648829567,
          0.32607601449262014,
          -0.48816350847377227,
          -1.9199117022501775
        ],
        [
          -0.5731964613138925,
          0.2594571742691986,
          -0.777256580195699,
          -3.342334755162506
        ],
        [
          -0.12678720341843416,
          0.9090414773509001,
          0.39694911205333366,
          1.7540621812812491
        ],
        [
          0.0,
          0.0,
          0.0,
          1.0
        ]
      ]
    },
    {
      "file_path": "./images/0077.jpg",
      "sharpness": 23.931701680147565,
      "transform_matrix": [
        [
          0.7355961684373663,
          0.35634345234578657,
          -0.576122921784419,
          -2.220796381723436
        ],
        [
          -0.6666905341303668,
          0.23004795989770666,
          -0.7089440512818397,
          -3.042699970038492
        ],
        [
          -0.12009166794696745,
          0.9055922262085879,
          0.4067932044358578,
          1.7302487936852569
        ],
        [
          0.0,
          0.0,
          0.0,
          1.0
        ]
      ]
    },
    {
      "file_path": "./images/0079.jpg",
      "sharpness": 14.991491917613162,
      "transform_matrix": [
        [
          0.5517999759652964,
          0.4201314798356229,
          -0.720420936835329,
          -2.812554169892975
        ],
        [
          -0.8251907022326013,
          0.1499924732560534,
          -0.5445755805353723,
          -2.3115623248709523
        ],
        [
          -0.12073562643129557,
          0.8949814510209193,
          0.4294544340132451,
          1.7637029636373551
        ],
        [
          0.0,
          0.0,
          0.0,
          1.0
        ]
      ]
    },
    {
      "file_path": "./images/0080.jpg",
      "sharpness": 14.973106012438025,
      "transform_matrix": [
        [
          0.5734358105687528,
          0.42816362889736165,
          -0.6984606489285304,
          -2.6430648324828536
        ],
        [
          -0.8105438702655772,
          0.17254366246919411,
          -0.5596850175917292,
          -2.2502080007198826
        ],
        [
          -0.1191218097148199,
          0.8870764293366387,
          0.44598811981994596,
          1.752171080450093
        ],
        [
          0.0,
          0.0,
          0.0,
          1.0
        ]
      ]
    },
    {
      "file_path": "./images/0070.jpg",
      "sharpness": 27.18678621050046,
      "transform_matrix": [
        [
          0.8867541618093893,
          0.2446127819501379,
          -0.3922137726740434,
          -1.767060762764199
        ],
        [
          -0.4451750943038014,
          0.22350234384378906,
          -0.8671019765333098,
          -3.7694242615801192
        ],
        [
          -0.1244435292338126,
          0.9435100896414776,
          0.3070871518502013,
          1.3017978383281048
        ],
        [
          0.0,
          0.0,
          0.0,
          1.0
        ]
      ]
    },
    {
      "file_path": "./images/0071.jpg",
      "sharpness": 19.962595876934955,
      "transform_matrix": [
        [
          0.8755475181935766,
          0.2082741034022707,
          -0.4359339873099083,
          -1.8787715598275403
        ],
        [
          -0.4720084770923183,
          0.17624499821691628,
          -0.8637972552379116,
          -3.79130037567465
        ],
        [
          -0.10307541403989041,
          0.9620600805089079,
          0.2526180131475259,
          1.0547915631934623
        ],
        [
          0.0,
          0.0,
          0.0,
          1.0
        ]
      ]
    },
    {
      "file_path": "./images/0081.jpg",
      "sharpness": 22.34484929126286,
      "transform_matrix": [
        [
          0.6176970540547522,
          0.4036048763384331,
          -0.6749470003361626,
          -2.4859902976847126
        ],
        [
          -0.7808564952422203,
          0.21290023160725863,
          -0.587313055550148,
          -2.3973778492396374
        ],
        [
          -0.0933460404630712,
          0.8898182933779673,
          0.4466653350716766,
          1.7415728751887987
        ],
        [
          0.0,
          0.0,
          0.0,
          1.0
        ]
      ]
    },
    {
      "file_path": "./images/0082.jpg",
      "sharpness": 23.77347463638917,
      "transform_matrix": [
        [
          0.5661150198994324,
          0.3997328668639078,
          -0.7209212297109102,
          -2.6895823694040266
        ],
        [
          -0.8182755890352849,
          0.1667370890220086,
          -0.5501125371535018,
          -2.1864468875102365
        ],
        [
          -0.09969375431798333,
          0.9013392138073196,
          0.4214840175594954,
          1.6905235292516105
        ],
        [
          0.0,
          0.0,
          0.0,
          1.0
        ]
      ]
    },
    {
      "file_path": "./images/0083.jpg",
      "sharpness": 14.014180491104204,
      "transform_matrix": [
        [
          0.43559047792081956,
          0.4086525833701959,
          -0.8020374066740543,
          -3.0518280251853627
        ],
        [
          -0.8950752165476813,
          0.1022054642950169,
          -0.4340442371353422,
          -1.8675649637249803
        ],
        [
          -0.09540069327121044,
          0.906949342150681,
          0.4102945265912329,
          1.6335836709808838
        ],
        [
          0.0,
          0.0,
          0.0,
          1.0
        ]
      ]
    },
    {
      "file_path": "./images/0085.jpg",
      "sharpness": 25.356637726387326,
      "transform_matrix": [
        [
          0.4142113187389769,
          0.3804007284398016,
          -0.8268762115854164,
          -3.3354429305451663
        ],
        [
          -0.897538946290558,
          0.019822773154548782,
          -0.44048938415827554,
          -1.8803337127731352
        ],
        [
          -0.1511715030346573,
          0.924609292361823,
          0.3496352859814295,
          1.3558827326679515
        ],
        [
          0.0,
          0.0,
          0.0,
          1.0
        ]
      ]
    },
    {
      "file_path": "./images/0089.jpg",
      "sharpness": 21.016820133884025,
      "transform_matrix": [
        [
          0.30858693282147853,
          0.4301178490426086,
          -0.8483942131354131,
          -3.372180844614969
        ],
        [
          -0.9364754991032135,
          -0.018929785781379833,
          -0.35022179085502,
          -1.6489800147773346
        ],
        [
          -0.16669656408322733,
          0.9025742624294604,
          0.396953342822134,
          1.437573370384736
        ],
        [
          0.0,
          0.0,
          0.0,
          1.0
        ]
      ]
    },
    {
      "file_path": "./images/0090.jpg",
      "sharpness": 23.984950641363113,
      "transform_matrix": [
        [
          0.287365222431662,
          0.4571052774245505,
          -0.8417101605316946,
          -3.2967077786387664
        ],
        [
          -0.949409805353725,
          0.019730844508789286,
          -0.3134193919865379,
          -1.306926811222052
        ],
        [
          -0.12665800582532144,
          0.8891937129672568,
          0.439650190986836,
          1.6218522234362038
        ],
        [
          0.0,
          0.0,
          0.0,
          1.0
        ]
      ]
    },
    {
      "file_path": "./images/0093.jpg",
      "sharpness": 22.50170137142861,
      "transform_matrix": [
        [
          0.13607339736809768,
          0.5055531774042633,
          -0.851997661616522,
          -3.3168532297258544
        ],
        [
          -0.9847332100019913,
          -0.02521474555795483,
          -0.17223449632887264,
          -0.6099062316330792
        ],
        [
          -0.10855660113131764,
          0.8624269252972816,
          0.4944039471201635,
          1.9178387111351975
        ],
        [
          0.0,
          0.0,
          0.0,
          1.0
        ]
      ]
    },
    {
      "file_path": "./images/0097.jpg",
      "sharpness": 23.554901038339764,
      "transform_matrix": [
        [
          -0.1867893306016708,
          0.5209948797020575,
          -0.8328709872197991,
          -3.2313348983174053
        ],
        [
          -0.9784889160086363,
          -0.17423993881079297,
          0.11045308946106405,
          0.3436561938241327
        ],
        [
          -0.08757389579397487,
          0.835586488103063,
          0.5423338766202606,
          2.139240151768041
        ],
        [
          0.0,
          0.0,
          0.0,
          1.0
        ]
      ]
    },
    {
      "file_path": "./images/0103.jpg",
      "sharpness": 18.418514156034913,
      "transform_matrix": [
        [
          -0.3986629091857867,
          0.4490592749841409,
          -0.7996334488033298,
          -3.153467254101018
        ],
        [
          -0.910031966164457,
          -0.3017258999652157,
          0.284259215943955,
          1.1666819280392495
        ],
        [
